ID	Genotype	AS	LM	AQ	PPQ	MQ	SP	CQ	AS+LM	AS+AQ	AS+PPQ	AS+MQ	KAF156	KAF156+LM	OZ439	Ferroquine	OZ439+Ferroquine
0	KNY--C1x	0.7252	0.7276	0.8684	0.9123	0.9507	0.4042	0.8119	0.9281	0.9657	0.9765	0.9854	0.8849	0.9733	0.7302	0.7958	0.9623
1	KNY--C1X	0.7252	0.7276	0.8684	0.9123	0.9507	0.4042	0.8119	0.9281	0.9657	0.9765	0.9854	0.2914	0.8182	0.2591	0.7958	0.8719
2	KNY--C2x	0.7252	0.7276	0.8684	0.2186	0.9507	0.4042	0.8119	0.9281	0.9657	0.783	0.9854	0.8849	0.9733	0.7302	0.373	0.8593
3	KNY--C2X	0.7252	0.7276	0.8684	0.2186	0.9507	0.4042	0.8119	0.9281	0.9657	0.783	0.9854	0.2914	0.8182	0.2591	0.373	0.5974
4	KNY--Y1x	0.2626	0.7276	0.8684	0.9123	0.9507	0.4042	0.8119	0.8084	0.9058	0.9335	0.9634	0.8849	0.9733	0.7302	0.7958	0.9623
5	KNY--Y1X	0.2626	0.7276	0.8684	0.9123	0.9507	0.4042	0.8119	0.8084	0.9058	0.9335	0.9634	0.2914	0.8182	0.2591	0.7958	0.8719
6	KNY--Y2x	0.2626	0.7276	0.8684	0.2186	0.9507	0.4042	0.8119	0.8084	0.9058	0.4393	0.9634	0.8849	0.9733	0.7302	0.373	0.8593
7	KNY--Y2X	0.2626	0.7276	0.8684	0.2186	0.9507	0.4042	0.8119	0.8084	0.9058	0.4393	0.9634	0.2914	0.8182	0.2591	0.373	0.5974
8	KYY--C1x	0.7252	0.8368	0.6936	0.9123	0.9507	0.4042	0.6446	0.9553	0.9187	0.9765	0.9854	0.8849	0.9837	0.7302	0.7958	0.9623
9	KYY--C1X	0.7252	0.8368	0.6936	0.9123	0.9507	0.4042	0.6446	0.9553	0.9187	0.9765	0.9854	0.2914	0.8857	0.2591	0.7958	0.8719
10	KYY--C2x	0.7252	0.8368	0.6936	0.2186	0.9507	0.4042	0.6446	0.9553	0.9187	0.783	0.9854	0.8849	0.9837	0.7302	0.373	0.8593
11	KYY--C2X	0.7252	0.8368	0.6936	0.2186	0.9507	0.4042	0.6446	0.9553	0.9187	0.783	0.9854	0.2914	0.8857	0.2591	0.373	0.5974
12	KYY--Y1x	0.2626	0.8368	0.6936	0.9123	0.9507	0.4042	0.6446	0.8853	0.7812	0.9335	0.9634	0.8849	0.9837	0.7302	0.7958	0.9623
13	KYY--Y1X	0.2626	0.8368	0.6936	0.9123	0.9507	0.4042	0.6446	0.8853	0.7812	0.9335	0.9634	0.2914	0.8857	0.2591	0.7958	0.8719
14	KYY--Y2x	0.2626	0.8368	0.6936	0.2186	0.9507	0.4042	0.6446	0.8853	0.7812	0.4393	0.9634	0.8849	0.9837	0.7302	0.373	0.8593
15	KYY--Y2X	0.2626	0.8368	0.6936	0.2186	0.9507	0.4042	0.6446	0.8853	0.7812	0.4393	0.9634	0.2914	0.8857	0.2591	0.373	0.5974
16	KNF--C1x	0.7252	0.6409	0.9264	0.9123	0.9507	0.4042	0.8119	0.9061	0.981	0.9765	0.9854	0.8849	0.9596	0.7302	0.7958	0.9623
17	KNF--C1X	0.7252	0.6409	0.9264	0.9123	0.9507	0.4042	0.8119	0.9061	0.981	0.9765	0.9854	0.2914	0.7546	0.2591	0.7958	0.8719
18	KNF--C2x	0.7252	0.6409	0.9264	0.2186	0.9507	0.4042	0.8119	0.9061	0.981	0.783	0.9854	0.8849	0.9596	0.7302	0.373	0.8593
19	KNF--C2X	0.7252	0.6409	0.9264	0.2186	0.9507	0.4042	0.8119	0.9061	0.981	0.783	0.9854	0.2914	0.7546	0.2591	0.373	0.5974
20	KNF--Y1x	0.2626	0.6409	0.9264	0.9123	0.9507	0.4042	0.8119	0.7447	0.9486	0.9335	0.9634	0.8849	0.9596	0.7302	0.7958	0.9623
21	KNF--Y1X	0.2626	0.6409	0.9264	0.9123	0.9507	0.4042	0.8119	0.7447	0.9486	0.9335	0.9634	0.2914	0.7546	0.2591	0.7958	0.8719
22	KNF--Y2x	0.2626	0.6409	0.9264	0.2186	0.9507	0.4042	0.8119	0.7447	0.9486	0.4393	0.9634	0.8849	0.9596	0.7302	0.373	0.8593
23	KNF--Y2X	0.2626	0.6409	0.9264	0.2186	0.9507	0.4042	0.8119	0.7447	0.9486	0.4393	0.9634	0.2914	0.7546	0.2591	0.373	0.5974
24	KYF--C1x	0.7252	0.7276	0.7639	0.9123	0.9507	0.4042	0.6446	0.9281	0.9386	0.9765	0.9854	0.8849	0.9733	0.7302	0.7958	0.9623
25	KYF--C1X	0.7252	0.7276	0.7639	0.9123	0.9507	0.4042	0.6446	0.9281	0.9386	0.9765	0.9854	0.2914	0.8182	0.2591	0.7958	0.8719
26	KYF--C2x	0.7252	0.7276	0.7639	0.2186	0.9507	0.4042	0.6446	0.9281	0.9386	0.783	0.9854	0.8849	0.9733	0.7302	0.373	0.8593
27	KYF--C2X	0.7252	0.7276	0.7639	0.2186	0.9507	0.4042	0.6446	0.9281	0.9386	0.783	0.9854	0.2914	0.8182	0.2591	0.373	0.5974
28	KYF--Y1x	0.2626	0.7276	0.7639	0.9123	0.9507	0.4042	0.6446	0.8084	0.835	0.9335	0.9634	0.8849	0.9733	0.7302	0.7958	0.9623
29	KYF--Y1X	0.2626	0.7276	0.7639	0.9123	0.9507	0.4042	0.6446	0.8084	0.835	0.9335	0.9634	0.2914	0.8182	0.2591	0.7958	0.8719
30	KYF--Y2x	0.2626	0.7276	0.7639	0.2186	0.9507	0.4042	0.6446	0.8084	0.835	0.4393	0.9634	0.8849	0.9733	0.7302	0.373	0.8593
31	KYF--Y2X	0.2626	0.7276	0.7639	0.2186	0.9507	0.4042	0.6446	0.8084	0.835	0.4393	0.9634	0.2914	0.8182	0.2591	0.373	0.5974
32	KNYNYC1x	0.7252	0.5378	0.8684	0.9123	0.4757	0.4042	0.8119	0.8743	0.9657	0.9765	0.8643	0.8849	0.9547	0.7302	0.7958	0.9623
33	KNYNYC1X	0.7252	0.5378	0.8684	0.9123	0.4757	0.4042	0.8119	0.8743	0.9657	0.9765	0.8643	0.2914	0.6868	0.2591	0.7958	0.8719
34	KNYNYC2x	0.7252	0.5378	0.8684	0.2186	0.4757	0.4042	0.8119	0.8743	0.9657	0.783	0.8643	0.8849	0.9547	0.7302	0.373	0.8593
35	KNYNYC2X	0.7252	0.5378	0.8684	0.2186	0.4757	0.4042	0.8119	0.8743	0.9657	0.783	0.8643	0.2914	0.6868	0.2591	0.373	0.5974
36	KNYNYY1x	0.2626	0.5378	0.8684	0.9123	0.4757	0.4042	0.8119	0.673	0.9058	0.9335	0.6285	0.8849	0.9547	0.7302	0.7958	0.9623
37	KNYNYY1X	0.2626	0.5378	0.8684	0.9123	0.4757	0.4042	0.8119	0.673	0.9058	0.9335	0.6285	0.2914	0.6868	0.2591	0.7958	0.8719
38	KNYNYY2x	0.2626	0.5378	0.8684	0.2186	0.4757	0.4042	0.8119	0.673	0.9058	0.4393	0.6285	0.8849	0.9547	0.7302	0.373	0.8593
39	KNYNYY2X	0.2626	0.5378	0.8684	0.2186	0.4757	0.4042	0.8119	0.673	0.9058	0.4393	0.6285	0.2914	0.6868	0.2591	0.373	0.5974
40	KYYYYC1x	0.7252	0.6719	0.6936	0.9123	0.4757	0.4042	0.6446	0.9118	0.9187	0.9765	0.8643	0.8849	0.9684	0.7302	0.7958	0.9623
41	KYYYYC1X	0.7252	0.6719	0.6936	0.9123	0.4757	0.4042	0.6446	0.9118	0.9187	0.9765	0.8643	0.2914	0.7791	0.2591	0.7958	0.8719
42	KYYYYC2x	0.7252	0.6719	0.6936	0.2186	0.4757	0.4042	0.6446	0.9118	0.9187	0.783	0.8643	0.8849	0.9684	0.7302	0.373	0.8593
43	KYYYYC2X	0.7252	0.6719	0.6936	0.2186	0.4757	0.4042	0.6446	0.9118	0.9187	0.783	0.8643	0.2914	0.7791	0.2591	0.373	0.5974
44	KYYYYY1x	0.2626	0.6719	0.6936	0.9123	0.4757	0.4042	0.6446	0.7665	0.7812	0.9335	0.6285	0.8849	0.9684	0.7302	0.7958	0.9623
45	KYYYYY1X	0.2626	0.6719	0.6936	0.9123	0.4757	0.4042	0.6446	0.7665	0.7812	0.9335	0.6285	0.2914	0.7791	0.2591	0.7958	0.8719
46	KYYYYY2x	0.2626	0.6719	0.6936	0.2186	0.4757	0.4042	0.6446	0.7665	0.7812	0.4393	0.6285	0.8849	0.9684	0.7302	0.373	0.8593
47	KYYYYY2X	0.2626	0.6719	0.6936	0.2186	0.4757	0.4042	0.6446	0.7665	0.7812	0.4393	0.6285	0.2914	0.7791	0.2591	0.373	0.5974
48	KNFNFC1x	0.7252	0.4329	0.9264	0.9123	0.4757	0.4042	0.8119	0.8445	0.981	0.9765	0.8643	0.8849	0.9403	0.7302	0.7958	0.9623
49	KNFNFC1X	0.7252	0.4329	0.9264	0.9123	0.4757	0.4042	0.8119	0.8445	0.981	0.9765	0.8643	0.2914	0.6137	0.2591	0.7958	0.8719
50	KNFNFC2x	0.7252	0.4329	0.9264	0.2186	0.4757	0.4042	0.8119	0.8445	0.981	0.783	0.8643	0.8849	0.9403	0.7302	0.373	0.8593
51	KNFNFC2X	0.7252	0.4329	0.9264	0.2186	0.4757	0.4042	0.8119	0.8445	0.981	0.783	0.8643	0.2914	0.6137	0.2591	0.373	0.5974
52	KNFNFY1x	0.2626	0.4329	0.9264	0.9123	0.4757	0.4042	0.8119	0.5974	0.9486	0.9335	0.6285	0.8849	0.9403	0.7302	0.7958	0.9623
53	KNFNFY1X	0.2626	0.4329	0.9264	0.9123	0.4757	0.4042	0.8119	0.5974	0.9486	0.9335	0.6285	0.2914	0.6137	0.2591	0.7958	0.8719
54	KNFNFY2x	0.2626	0.4329	0.9264	0.2186	0.4757	0.4042	0.8119	0.5974	0.9486	0.4393	0.6285	0.8849	0.9403	0.7302	0.373	0.8593
55	KNFNFY2X	0.2626	0.4329	0.9264	0.2186	0.4757	0.4042	0.8119	0.5974	0.9486	0.4393	0.6285	0.2914	0.6137	0.2591	0.373	0.5974
56	KYFYFC1x	0.7252	0.5378	0.7639	0.9123	0.4757	0.4042	0.6446	0.8743	0.9386	0.9765	0.8643	0.8849	0.9547	0.7302	0.7958	0.9623
57	KYFYFC1X	0.7252	0.5378	0.7639	0.9123	0.4757	0.4042	0.6446	0.8743	0.9386	0.9765	0.8643	0.2914	0.6868	0.2591	0.7958	0.8719
58	KYFYFC2x	0.7252	0.5378	0.7639	0.2186	0.4757	0.4042	0.6446	0.8743	0.9386	0.783	0.8643	0.8849	0.9547	0.7302	0.373	0.8593
59	KYFYFC2X	0.7252	0.5378	0.7639	0.2186	0.4757	0.4042	0.6446	0.8743	0.9386	0.783	0.8643	0.2914	0.6868	0.2591	0.373	0.5974
60	KYFYFY1x	0.2626	0.5378	0.7639	0.9123	0.4757	0.4042	0.6446	0.673	0.835	0.9335	0.6285	0.8849	0.9547	0.7302	0.7958	0.9623
61	KYFYFY1X	0.2626	0.5378	0.7639	0.9123	0.4757	0.4042	0.6446	0.673	0.835	0.9335	0.6285	0.2914	0.6868	0.2591	0.7958	0.8719
62	KYFYFY2x	0.2626	0.5378	0.7639	0.2186	0.4757	0.4042	0.6446	0.673	0.835	0.4393	0.6285	0.8849	0.9547	0.7302	0.373	0.8593
63	KYFYFY2X	0.2626	0.5378	0.7639	0.2186	0.4757	0.4042	0.6446	0.673	0.835	0.4393	0.6285	0.2914	0.6868	0.2591	0.373	0.5974
64	TNY--C1x	0.7252	0.7781	0.816	0.9123	0.9507	0.4042	0.3493	0.9407	0.9511	0.9765	0.9854	0.8849	0.9763	0.7302	0.7958	0.9623
65	TNY--C1X	0.7252	0.7781	0.816	0.9123	0.9507	0.4042	0.3493	0.9407	0.9511	0.9765	0.9854	0.2914	0.8417	0.2591	0.7958	0.8719
66	TNY--C2x	0.7252	0.7781	0.816	0.2186	0.9507	0.4042	0.3493	0.9407	0.9511	0.783	0.9854	0.8849	0.9763	0.7302	0.373	0.8593
67	TNY--C2X	0.7252	0.7781	0.816	0.2186	0.9507	0.4042	0.3493	0.9407	0.9511	0.783	0.9854	0.2914	0.8417	0.2591	0.373	0.5974
68	TNY--Y1x	0.2626	0.7781	0.816	0.9123	0.9507	0.4042	0.3493	0.8383	0.8754	0.9335	0.9634	0.8849	0.9763	0.7302	0.7958	0.9623
69	TNY--Y1X	0.2626	0.7781	0.816	0.9123	0.9507	0.4042	0.3493	0.8383	0.8754	0.9335	0.9634	0.2914	0.8417	0.2591	0.7958	0.8719
70	TNY--Y2x	0.2626	0.7781	0.816	0.2186	0.9507	0.4042	0.3493	0.8383	0.8754	0.4393	0.9634	0.8849	0.9763	0.7302	0.373	0.8593
71	TNY--Y2X	0.2626	0.7781	0.816	0.2186	0.9507	0.4042	0.3493	0.8383	0.8754	0.4393	0.9634	0.2914	0.8417	0.2591	0.373	0.5974
72	TYY--C1x	0.7252	0.8807	0.6395	0.9123	0.9507	0.4042	0.2078	0.9672	0.898	0.9765	0.9854	0.8849	0.9873	0.7302	0.7958	0.9623
73	TYY--C1X	0.7252	0.8807	0.6395	0.9123	0.9507	0.4042	0.2078	0.9672	0.898	0.9765	0.9854	0.2914	0.9156	0.2591	0.7958	0.8719
74	TYY--C2x	0.7252	0.8807	0.6395	0.2186	0.9507	0.4042	0.2078	0.9672	0.898	0.783	0.9854	0.8849	0.9873	0.7302	0.373	0.8593
75	TYY--C2X	0.7252	0.8807	0.6395	0.2186	0.9507	0.4042	0.2078	0.9672	0.898	0.783	0.9854	0.2914	0.9156	0.2591	0.373	0.5974
76	TYY--Y1x	0.2626	0.8807	0.6395	0.9123	0.9507	0.4042	0.2078	0.9141	0.7517	0.9335	0.9634	0.8849	0.9873	0.7302	0.7958	0.9623
77	TYY--Y1X	0.2626	0.8807	0.6395	0.9123	0.9507	0.4042	0.2078	0.9141	0.7517	0.9335	0.9634	0.2914	0.9156	0.2591	0.7958	0.8719
78	TYY--Y2x	0.2626	0.8807	0.6395	0.2186	0.9507	0.4042	0.2078	0.9141	0.7517	0.4393	0.9634	0.8849	0.9873	0.7302	0.373	0.8593
79	TYY--Y2X	0.2626	0.8807	0.6395	0.2186	0.9507	0.4042	0.2078	0.9141	0.7517	0.4393	0.9634	0.2914	0.9156	0.2591	0.373	0.5974
80	TNF--C1x	0.7252	0.6854	0.8547	0.9123	0.9507	0.4042	0.3493	0.913	0.962	0.9765	0.9854	0.8849	0.9698	0.7302	0.7958	0.9623
81	TNF--C1X	0.7252	0.6854	0.8547	0.9123	0.9507	0.4042	0.3493	0.913	0.962	0.9765	0.9854	0.2914	0.7933	0.2591	0.7958	0.8719
82	TNF--C2x	0.7252	0.6854	0.8547	0.2186	0.9507	0.4042	0.3493	0.913	0.962	0.783	0.9854	0.8849	0.9698	0.7302	0.373	0.8593
83	TNF--C2X	0.7252	0.6854	0.8547	0.2186	0.9507	0.4042	0.3493	0.913	0.962	0.783	0.9854	0.2914	0.7933	0.2591	0.373	0.5974
84	TNF--Y1x	0.2626	0.6854	0.8547	0.9123	0.9507	0.4042	0.3493	0.7837	0.9005	0.9335	0.9634	0.8849	0.9698	0.7302	0.7958	0.9623
85	TNF--Y1X	0.2626	0.6854	0.8547	0.9123	0.9507	0.4042	0.3493	0.7837	0.9005	0.9335	0.9634	0.2914	0.7933	0.2591	0.7958	0.8719
86	TNF--Y2x	0.2626	0.6854	0.8547	0.2186	0.9507	0.4042	0.3493	0.7837	0.9005	0.4393	0.9634	0.8849	0.9698	0.7302	0.373	0.8593
87	TNF--Y2X	0.2626	0.6854	0.8547	0.2186	0.9507	0.4042	0.3493	0.7837	0.9005	0.4393	0.9634	0.2914	0.7933	0.2591	0.373	0.5974
88	TYF--C1x	0.7252	0.7781	0.7258	0.9123	0.9507	0.4042	0.2078	0.9407	0.9249	0.9765	0.9854	0.8849	0.9763	0.7302	0.7958	0.9623
89	TYF--C1X	0.7252	0.7781	0.7258	0.9123	0.9507	0.4042	0.2078	0.9407	0.9249	0.9765	0.9854	0.2914	0.8417	0.2591	0.7958	0.8719
90	TYF--C2x	0.7252	0.7781	0.7258	0.2186	0.9507	0.4042	0.2078	0.9407	0.9249	0.783	0.9854	0.8849	0.9763	0.7302	0.373	0.8593
91	TYF--C2X	0.7252	0.7781	0.7258	0.2186	0.9507	0.4042	0.2078	0.9407	0.9249	0.783	0.9854	0.2914	0.8417	0.2591	0.373	0.5974
92	TYF--Y1x	0.2626	0.7781	0.7258	0.9123	0.9507	0.4042	0.2078	0.8383	0.8008	0.9335	0.9634	0.8849	0.9763	0.7302	0.7958	0.9623
93	TYF--Y1X	0.2626	0.7781	0.7258	0.9123	0.9507	0.4042	0.2078	0.8383	0.8008	0.9335	0.9634	0.2914	0.8417	0.2591	0.7958	0.8719
94	TYF--Y2x	0.2626	0.7781	0.7258	0.2186	0.9507	0.4042	0.2078	0.8383	0.8008	0.4393	0.9634	0.8849	0.9763	0.7302	0.373	0.8593
95	TYF--Y2X	0.2626	0.7781	0.7258	0.2186	0.9507	0.4042	0.2078	0.8383	0.8008	0.4393	0.9634	0.2914	0.8417	0.2591	0.373	0.5974
96	TNYNYC1x	0.7252	0.5904	0.816	0.9123	0.4757	0.4042	0.3493	0.8865	0.9511	0.9765	0.8643	0.8849	0.96	0.7302	0.7958	0.9623
97	TNYNYC1X	0.7252	0.5904	0.816	0.9123	0.4757	0.4042	0.3493	0.8865	0.9511	0.9765	0.8643	0.2914	0.7266	0.2591	0.7958	0.8719
98	TNYNYC2x	0.7252	0.5904	0.816	0.2186	0.4757	0.4042	0.3493	0.8865	0.9511	0.783	0.8643	0.8849	0.96	0.7302	0.373	0.8593
99	TNYNYC2X	0.7252	0.5904	0.816	0.2186	0.4757	0.4042	0.3493	0.8865	0.9511	0.783	0.8643	0.2914	0.7266	0.2591	0.373	0.5974
100	TNYNYY1x	0.2626	0.5904	0.816	0.9123	0.4757	0.4042	0.3493	0.7077	0.8754	0.9335	0.6285	0.8849	0.96	0.7302	0.7958	0.9623
101	TNYNYY1X	0.2626	0.5904	0.816	0.9123	0.4757	0.4042	0.3493	0.7077	0.8754	0.9335	0.6285	0.2914	0.7266	0.2591	0.7958	0.8719
102	TNYNYY2x	0.2626	0.5904	0.816	0.2186	0.4757	0.4042	0.3493	0.7077	0.8754	0.4393	0.6285	0.8849	0.96	0.7302	0.373	0.8593
103	TNYNYY2X	0.2626	0.5904	0.816	0.2186	0.4757	0.4042	0.3493	0.7077	0.8754	0.4393	0.6285	0.2914	0.7266	0.2591	0.373	0.5974
104	TYYYYC1x	0.7252	0.7276	0.6395	0.9123	0.4757	0.4042	0.2078	0.9281	0.898	0.9765	0.8643	0.8849	0.9733	0.7302	0.7958	0.9623
105	TYYYYC1X	0.7252	0.7276	0.6395	0.9123	0.4757	0.4042	0.2078	0.9281	0.898	0.9765	0.8643	0.2914	0.8182	0.2591	0.7958	0.8719
106	TYYYYC2x	0.7252	0.7276	0.6395	0.2186	0.4757	0.4042	0.2078	0.9281	0.898	0.783	0.8643	0.8849	0.9733	0.7302	0.373	0.8593
107	TYYYYC2X	0.7252	0.7276	0.6395	0.2186	0.4757	0.4042	0.2078	0.9281	0.898	0.783	0.8643	0.2914	0.8182	0.2591	0.373	0.5974
108	TYYYYY1x	0.2626	0.7276	0.6395	0.9123	0.4757	0.4042	0.2078	0.8084	0.7517	0.9335	0.6285	0.8849	0.9733	0.7302	0.7958	0.9623
109	TYYYYY1X	0.2626	0.7276	0.6395	0.9123	0.4757	0.4042	0.2078	0.8084	0.7517	0.9335	0.6285	0.2914	0.8182	0.2591	0.7958	0.8719
110	TYYYYY2x	0.2626	0.7276	0.6395	0.2186	0.4757	0.4042	0.2078	0.8084	0.7517	0.4393	0.6285	0.8849	0.9733	0.7302	0.373	0.8593
111	TYYYYY2X	0.2626	0.7276	0.6395	0.2186	0.4757	0.4042	0.2078	0.8084	0.7517	0.4393	0.6285	0.2914	0.8182	0.2591	0.373	0.5974
112	TNFNFC1x	0.7252	0.4944	0.8547	0.9123	0.4757	0.4042	0.3493	0.8607	0.962	0.9765	0.8643	0.8849	0.9504	0.7302	0.7958	0.9623
113	TNFNFC1X	0.7252	0.4944	0.8547	0.9123	0.4757	0.4042	0.3493	0.8607	0.962	0.9765	0.8643	0.2914	0.6535	0.2591	0.7958	0.8719
114	TNFNFC2x	0.7252	0.4944	0.8547	0.2186	0.4757	0.4042	0.3493	0.8607	0.962	0.783	0.8643	0.8849	0.9504	0.7302	0.373	0.8593
115	TNFNFC2X	0.7252	0.4944	0.8547	0.2186	0.4757	0.4042	0.3493	0.8607	0.962	0.783	0.8643	0.2914	0.6535	0.2591	0.373	0.5974
116	TNFNFY1x	0.2626	0.4944	0.8547	0.9123	0.4757	0.4042	0.3493	0.6434	0.9005	0.9335	0.6285	0.8849	0.9504	0.7302	0.7958	0.9623
117	TNFNFY1X	0.2626	0.4944	0.8547	0.9123	0.4757	0.4042	0.3493	0.6434	0.9005	0.9335	0.6285	0.2914	0.6535	0.2591	0.7958	0.8719
118	TNFNFY2x	0.2626	0.4944	0.8547	0.2186	0.4757	0.4042	0.3493	0.6434	0.9005	0.4393	0.6285	0.8849	0.9504	0.7302	0.373	0.8593
119	TNFNFY2X	0.2626	0.4944	0.8547	0.2186	0.4757	0.4042	0.3493	0.6434	0.9005	0.4393	0.6285	0.2914	0.6535	0.2591	0.373	0.5974
120	TYFYFC1x	0.7252	0.5904	0.7258	0.9123	0.4757	0.4042	0.2078	0.8865	0.9249	0.9765	0.8643	0.8849	0.96	0.7302	0.7958	0.9623
121	TYFYFC1X	0.7252	0.5904	0.7258	0.9123	0.4757	0.4042	0.2078	0.8865	0.9249	0.9765	0.8643	0.2914	0.7266	0.2591	0.7958	0.8719
122	TYFYFC2x	0.7252	0.5904	0.7258	0.2186	0.4757	0.4042	0.2078	0.8865	0.9249	0.783	0.8643	0.8849	0.96	0.7302	0.373	0.8593
123	TYFYFC2X	0.7252	0.5904	0.7258	0.2186	0.4757	0.4042	0.2078	0.8865	0.9249	0.783	0.8643	0.2914	0.7266	0.2591	0.373	0.5974
124	TYFYFY1x	0.2626	0.5904	0.7258	0.9123	0.4757	0.4042	0.2078	0.7077	0.8008	0.9335	0.6285	0.8849	0.96	0.7302	0.7958	0.9623
125	TYFYFY1X	0.2626	0.5904	0.7258	0.9123	0.4757	0.4042	0.2078	0.7077	0.8008	0.9335	0.6285	0.2914	0.7266	0.2591	0.7958	0.8719
126	TYFYFY2x	0.2626	0.5904	0.7258	0.2186	0.4757	0.4042	0.2078	0.7077	0.8008	0.4393	0.6285	0.8849	0.96	0.7302	0.373	0.8593
127	TYFYFY2X	0.2626	0.5904	0.7258	0.2186	0.4757	0.4042	0.2078	0.7077	0.8008	0.4393	0.6285	0.2914	0.7266	0.2591	0.373	0.5974
